$ANSIBLE_VAULT;1.1;AES256
62393236373733306132613532336662643364663737313930383836653761333763386166636564
6136336232363635323731663836316139393237656331370a353265333933363964623963643737
30373237346463656163343462383535633236396339396531363366366264363037353362383037
3638633037363339390a366363343330316530363461663863326436376432303539633132346134
30353037363231326261306131613361393731353730653231633835663436656338613361623566
37636332383362356230656461616363356261366263643032353636633836306662363733353939
65346131323662633235633664303332323062653234626530323334636164316138343232663039
63366232363031396464346665626164626139623033326536666637396165646431343162653738
30313436663561343837363436363236386165303436323234363265343536336137323335633130
37343030363630616261323333313031623439636534373634613231363633376264316336373164
38613364326563303965363634616463386331333430366131323065316665333264346230366265
36643361363863313466393561623434623566666266353033373336353636333161366662343666
30396639373864616530343431303064353361613361666131363561343639376235626435313939
39313936646361373463633733316239616537653234303139313562326137373861343165373535
63366237306666303934333536613338666132656332616239633263653934333632346363643234
37343265623361666239363433643565613232333565393564633337333432353637303532613962
34653562316165303562366466373032663633656236616634323033303735373930366135346239
31373135326532373032396464656430643263653361303233636334376133316239646163613837
34643035313630653364383161663863316133303866346133653361303832376262643531643135
38616133336335313031346231346138653635323263633336666639326535323561333961336331
36663234636465393636646232613466396632656635636137613264643332643533626231356262
33656566393436323039383262336434663832663636366362373731633334633532323364326665
31666530333937633632363261383133313062373736633133306231663731343263326634326337
37373339333761366361323932643365303034373833663862373734363763616263373234306530
32353966636631646439616432323562626434396230643430646263616635303839
